(6,0) (156,82,194)
(6,1) (45,178,92)
(6,2) (134,67,201)
(7,0) (89,145,233)
(7,1) (167,92,45)
(7,2) (78,189,156)
(8,0) (234,67,123)
(8,1) (56,189,78)
(8,2) (167,45,234)
(9,0) (89,201,67)
(9,1) (145,78,189)
(9,2) (56,234,145)
(10,0) (178,92,167)
(10,1) (67,234,89)
(10,2) (189,45,201)
(11,0) (92,167,78)
(11,1) (234,56,145)
(11,2) (78,189,67)
(12,0) (167,89,234)
(12,1) (45,201,56)
(12,2) (189,78,145)
(13,0) (92,234,67)
(13,1) (167,45,189)
(13,2) (56,178,92)
(14,0) (189,67,234)
(14,1) (78,201,45)
(14,2) (145,89,178)
(15,0) (234,156,67)
(15,1) (56,92,201)
(15,2) (189,145,78)